[AnimatedTexture]
Frame0000=feverhopo anim.png
Delay0000=0.0333333
TranslateY0000=0
Frame0001=feverhopo anim.png
Delay0001=0.0333333
TranslateY0001=0.0625
Frame0002=feverhopo anim.png
Delay0002=0.0333334
TranslateY0002=0.125
Frame0003=feverhopo anim.png
Delay0003=0.0333333
TranslateY0003=0.1875
Frame0004=feverhopo anim.png
Delay0004=0.0333333
TranslateY0004=0.25
Frame0005=feverhopo anim.png
Delay0005=0.0333334
TranslateY0005=0.3125
Frame0006=feverhopo anim.png
Delay0006=0.0333333
TranslateY0006=0.375
Frame0007=feverhopo anim.png
Delay0007=0.0333333
TranslateY0007=0.4375
Frame0008=feverhopo anim.png
Delay0008=0.0333334
TranslateY0008=0.5
Frame0009=feverhopo anim.png
Delay0009=0.0333333
TranslateY0009=0.5625
Frame0010=feverhopo anim.png
Delay0010=0.0333333
TranslateY0010=0.625
Frame0011=feverhopo anim.png
Delay0011=0.0333334
TranslateY0011=0.6875
Frame0012=feverhopo anim.png
Delay0012=0.0333333
TranslateY0012=0.75
Frame0013=feverhopo anim.png
Delay0013=0.0333333
TranslateY0013=0.8125
Frame0014=feverhopo anim.png
Delay0014=0.0333334
TranslateY0014=0.875
Frame0015=feverhopo anim.png
Delay0015=0.0333333
TranslateY0015=0.9375