[AnimatedTexture]
Frame0000=fevertaps anim.png
Delay0000=0.0333333
TranslateY0000=0
Frame0001=fevertaps anim.png
Delay0001=0.0333333
TranslateY0001=0.0625
Frame0002=fevertaps anim.png
Delay0002=0.0333334
TranslateY0002=0.125
Frame0003=fevertaps anim.png
Delay0003=0.0333333
TranslateY0003=0.1875
Frame0004=fevertaps anim.png
Delay0004=0.0333333
TranslateY0004=0.25
Frame0005=fevertaps anim.png
Delay0005=0.0333334
TranslateY0005=0.3125
Frame0006=fevertaps anim.png
Delay0006=0.0333333
TranslateY0006=0.375
Frame0007=fevertaps anim.png
Delay0007=0.0333333
TranslateY0007=0.4375
Frame0008=fevertaps anim.png
Delay0008=0.0333334
TranslateY0008=0.5
Frame0009=fevertaps anim.png
Delay0009=0.0333333
TranslateY0009=0.5625
Frame0010=fevertaps anim.png
Delay0010=0.0333333
TranslateY0010=0.625
Frame0011=fevertaps anim.png
Delay0011=0.0333334
TranslateY0011=0.6875
Frame0012=fevertaps anim.png
Delay0012=0.0333333
TranslateY0012=0.75
Frame0013=fevertaps anim.png
Delay0013=0.0333333
TranslateY0013=0.8125
Frame0014=fevertaps anim.png
Delay0014=0.0333334
TranslateY0014=0.875
Frame0015=fevertaps anim.png
Delay0015=0.0333333
TranslateY0015=0.9375